Score= 3
Portal Gun= false
Show Path=false
3,1,1-2,1,1-1,1,1-1,1,1-
0000000000000000000000000000000
0111211101015111111101111111110
0100000101010001000101000001000
0111110101110111010101111101110
0000010100000100010100000100010
0111110111110111010111110101010
0100000000010001010000010101010
0104110111010111011111010111010
0101010100010100010001010100010
0111011111010111011103110101110
0000000101010001000100000001000
0111010101110111010111011101110
0101010100000100010001010100010
0101110111110101111101010111110
0100000000010101000101010000010
0111011111010101010101011101010
0101010001010101010101000101010
0101111101111101110111111101160
0000000000000000000000000000000
