Score= 2
Portal Gun= false
Show Path=false
1,2,2-1,1,2-1,1,1-
0000000000000000000000000000000
0101111101110111111111110111110
0101010100010101000000010100010
0211010111110101010111110111010
0100010000000101010100000001000
0101110111111101010101111101110
0101000400000101010101000100010
0101111101110101010101110111010
0100000001010001010100010001010
0111011101011101010111110111010
0001010101000101010000000100010
0101010101110111011111011101110
0101010100010000000101010001010
0101010101010151110101010111010
0101010101010100010100010100010
0101110111011111010101110101110
0100000001000100010101000101000
0113111111110111110111111101160
0000000000000000000000000000000
